-13.317192 -29.975426 
36.196671 -10.051454 
-9.454175 10.879314 
2.034011 -33.606499 
1.650545 4.913336 
-22.610636 41.196056 
-8.296577 71.875160 
-0.286244 -42.024933 
-7.699299 45.591175 
9.610627 15.893055 
6.144762 9.329016 
-39.884468 72.012222 
5.451288 -18.335121 
-6.442070 9.622591 
-2.278815 76.893852 
31.990114 29.106262 
3.405421 -8.639391 
-5.885882 -27.519030 
6.668212 20.217007 
19.934074 39.370808 
-20.855759 24.386105 
27.120104 18.109865 
42.216457 0.908371 
5.480356 -4.824656 
5.759123 -7.945145 
28.025080 -10.511694 
2.225793 4.190058 
1.522367 16.371231 
1.468632 45.736156 
-6.271968 27.528383 
-40.270058 32.070759 
23.400721 -7.009244 
3.869779 0.389334 
-4.593931 7.666183 
-2.053252 -21.341208 
-1.951700 -4.337228 
-35.333904 -23.525522 
-1.476021 -22.777725 
-31.418592 -14.683117 
15.015473 -18.592045 
-5.718309 -17.270330 
-21.363804 32.731426 
11.083892 52.710400 
-57.308102 1.102163 
-1.754876 -7.262255 
28.125799 -2.272122 
17.232529 -2.910429 
-6.967982 31.278877 
7.206165 -65.968025 
-1.645820 1.524817 
-16.580244 -22.857389 
5.394654 -6.697588 
-7.998336 -43.603737 
3.841072 -7.392657 
-11.667645 3.892368 
-16.622549 -3.741949 
-0.523939 -48.895718 
9.751407 33.768330 
-7.262459 -8.764138 
-8.872227 -11.040194 
-23.452488 60.485386 
4.464529 -38.106815 
1.078467 -0.360593 
-2.559888 6.111973 
-20.778408 77.995880 
2.443216 41.478458 
-2.888707 3.424947 
3.482081 9.738039 
-4.131006 -13.428583 
-2.170643 -64.397018 
15.426450 -9.345350 
-4.892388 -3.657573 
-9.814091 6.672642 
18.013361 -10.590195 
3.860012 4.243680 
-26.564156 0.067355 
7.949131 -12.116569 
-47.172672 4.193860 
-36.017262 21.617908 
14.908612 13.127213 
-29.331415 -45.949959 
7.162200 73.986908 
-7.236813 -43.500195 
65.938873 -13.368477 
28.874981 -0.108279 
17.000654 -25.591644 
19.864742 -46.739651 
35.472347 -1.754876 
-10.088749 -9.747724 
-3.917484 18.339912 
2.663247 -8.747993 
2.278828 -23.275330 
-12.183062 -18.008692 
17.425402 -58.770489 
30.243065 47.808743 
37.134308 -33.698933 
7.513999 -11.971148 
-8.209297 -2.848429 
-6.190268 6.969460 
-6.699203 -55.425343 
-7.137184 -26.534906 
24.541344 11.579374 
-8.756818 48.551773 
-19.980940 11.305305 
4.212819 -24.139389 
-1.396910 -22.800751 
-15.205056 1.141120 
-1.168931 12.338391 
-22.042751 46.688278 
-22.934801 -20.954746 
-3.362529 14.036041 
9.225870 -29.502054 
19.407925 0.650862 
16.628164 8.240179 
-1.743173 -51.661469 
-27.339687 27.723057 
-37.517010 -1.234131 
-14.260218 68.408363 
-3.716480 45.392254 
35.169853 -20.105898 
54.146790 0.878506 
-0.485858 10.721502 
19.788973 35.147499 
-9.787303 71.782028 
11.016172 -0.429836 
-43.583168 -12.234393 
-5.254368 -0.190478 
21.113695 0.561564 
-11.807920 19.315498 
-3.710161 4.103318 
-47.757732 -2.722421 
-1.891344 -4.137489 
-21.465456 47.229790 
-8.843986 19.770350 
-4.182073 8.916529 
20.547977 17.729214 
1.115440 33.977245 
-3.452052 19.830454 
5.640331 -0.967206 
9.522098 3.779803 
18.079327 4.596723 
9.244091 -2.813799 
-6.816326 -23.867901 
-10.869536 29.270531 
-1.255109 5.449333 
-3.738575 27.399050 
-13.256769 1.454259 
-38.651035 4.966173 
0.278855 10.562725 
-23.220335 25.510471 
-21.022848 -13.676258 
-19.980186 2.391451 
-29.663715 31.341721 
-5.154981 3.693101 
-12.928241 -3.453059 
-46.272758 8.593232 
-27.007555 36.137997 
-21.795073 -1.621978 
-5.000644 36.220955 
21.497669 -10.513281 
-3.963433 76.570381 
-1.245418 -57.028839 
-15.515454 -27.285101 
-25.453835 -41.473587 
-49.663342 54.611671 
61.389904 30.727289 
37.364929 -76.797432 
-1.754876 -53.262074 
-60.264259 24.768078 
7.412827 -35.268471 
1.238581 -6.911747 
-1.884606 40.406845 
-49.816860 7.880890 
8.157591 4.324017 
2.857039 -0.818190 
-4.118404 -7.564783 
-4.632541 6.638843 
-30.463793 34.441471 
-5.507378 -5.729644 
-5.517005 -12.836025 
-10.382410 19.209820 
19.324984 49.121819 
-0.517246 8.904417 
-4.520856 -0.147553 
18.987406 -33.527821 
45.742744 6.180187 
-1.155552 -46.541164 
-22.241245 -13.352623 
1.433007 -3.694264 
-28.816000 -8.406491 
40.946774 -56.775520 
-22.663395 38.374977 
-12.251717 33.482231 
-4.533858 83.758148 
-2.006302 10.965022 
15.652284 -42.356674 
24.066463 -35.692753 
-20.282980 -46.989975 
-21.123886 23.622866 
-12.238529 12.824610 
-17.934280 -59.133053 
0.000000 -17.533449 
0.002664 -23.227489 
-3.504249 -4.929510 
7.149531 -24.999811 
-11.216984 -71.789925 
-4.942712 -23.418058 
23.278299 -1.637678 
-6.243459 94.811119 
10.712132 -38.378334 
22.752970 -0.914843 
1.682260 29.547422 
5.595948 -56.205635 
-3.228588 -0.612777 
-1.754876 -4.471735 
-4.724039 32.913242 
2.767519 -4.230151 
-0.859532 -9.414944 
5.647244 -64.933685 
-11.736433 -22.729465 
-1.965324 2.975790 
2.633771 2.540148 
-1.987073 11.630644 
-2.799205 -21.559374 
-5.476740 -32.486965 
-6.773156 -66.112228 
8.991736 -7.822500 
-1.510792 48.423248 
-7.099799 -73.225014 
4.546851 -18.939594 
35.523205 0.165634 
-1.494480 8.487626 
-5.507582 -69.224831 
0.951063 2.112310 
-7.009262 13.319885 
-7.940314 -34.701317 
25.040373 57.141499 
2.796764 -23.109892 
-22.360085 -11.165063 
46.920219 8.441844 
0.780786 -82.276199 
0.000000 35.589584 
2.869190 -29.524633 
4.585786 8.681863 
6.219405 -16.857536 
-6.863117 0.662615 
-26.018068 33.931213 
-14.049450 -9.949195 
2.833343 2.046017 
8.034709 -49.186092 
1.394283 64.936996 
-20.655073 -1.258153 
6.477372 -43.196804 
-31.245823 -22.140276 
-24.669624 4.186773 
8.355871 46.861404 
-20.872972 0.419563 
-28.901564 -21.652735 
-1.074839 -17.244589 
3.861887 -52.487328 
4.198092 2.844468 
3.775028 36.411175 
43.233334 -18.959497 
-71.876427 -45.434723 
29.274363 29.028671 
7.910091 -2.524609 
-23.340204 5.387355 
-29.458817 -31.411991 
-81.507271 -11.786553 
-8.382970 -20.694153 
-1.940302 -5.051906 
-15.301454 13.260315 
-45.293182 11.719179 
0.486812 -83.147194 
11.484241 -33.068878 
23.886992 32.521538 
-0.415767 4.710506 
2.457827 12.618673 
-15.379372 -93.817299 
-11.611606 -97.463646 
-15.151728 -3.638897 
14.211468 69.093018 
-7.590474 62.624207 
31.199556 -7.113705 
-3.137512 76.882118 
-11.433510 -6.573571 
-1.902697 2.307472 
-5.467508 -29.706491 
-8.059215 -77.674515 
3.571517 -5.403030 
8.427518 -51.385590 
-6.328073 -15.877604 
8.737844 -55.835144 
1.250048 66.898712 
11.819668 4.726063 
1.157049 -7.125816 
-36.357212 -39.137028 
-5.798034 -72.805756 
17.451998 -5.065211 
-4.425331 7.592632 
-9.936796 34.211548 
11.818896 -17.689741 
32.387081 -3.864047 
-0.000000 27.557505 
9.704007 -65.812027 
-1.147445 27.272177 
-2.850748 -23.852734 
-50.108883 -13.414087 
-45.417797 -46.372231 
5.321672 -21.596886 
5.948736 -32.442631 
-4.923326 -6.726170 
-13.984217 48.906761 
-19.568806 77.369118 
-15.610670 -33.274822 
-13.185765 -34.989731 
12.998438 -10.642879 
-3.230618 -21.082140 
-4.311054 -49.099113 
-11.319727 -26.628700 
-11.563069 46.593971 
9.306034 17.364601 
-21.406563 -5.534373 
-0.789103 -11.304171 
-21.387218 44.152447 
3.782537 -6.069338 
73.318626 5.498574 
-62.402466 -48.472862 
-5.481936 5.418487 
-16.030233 -73.351929 
-7.440889 -21.564606 
-18.909864 -32.033993 
-10.611746 6.037619 
2.622293 -36.281155 
-11.613601 -24.976429 
29.990437 -34.389122 
8.575373 -29.931719 
-21.143787 -9.720153 
4.115193 8.910774 
-0.236207 -10.676898 
28.302298 -2.756657 
7.596912 -50.028702 
10.543007 37.941513 
-3.831169 -17.624287 
-25.215103 62.791176 
-12.822784 -20.325569 
-9.323469 -13.901485 
1.451412 -48.754452 
-6.466800 -4.496547 
-8.095181 -5.261787 
0.000000 -45.735996 
-15.317294 -20.954906 
-8.333873 22.701143 
6.589392 -52.130440 
-7.992847 17.943140 
-4.508794 2.592911 
25.701479 -15.073161 
-24.413366 1.855297 
-12.804912 13.447081 
20.515501 -19.079264 
-5.331017 -4.236699 
-17.535610 0.288444 
-1.409163 32.709785 
-1.634776 -16.033459 
-9.858097 55.376968 
-0.467764 11.196028 
-27.556519 -33.998470 
-2.043060 -7.346014 
-10.428185 26.573240 
8.268089 -11.349083 
-16.253815 53.971745 
-4.554747 -37.494457 
-15.020698 60.164978 
25.272982 -17.176249 
0.225334 -1.594054 
-24.923487 -22.266150 
-27.196659 5.490065 
14.640917 1.046406 
43.091366 78.821411 
-0.123756 -16.030233 
16.571280 0.141232 
0.813150 32.182808 
-40.859749 -20.208830 
-19.171612 -46.097240 
11.214845 -48.331722 
-36.237587 0.532788 
-23.763123 26.516962 
-16.504553 33.240829 
29.828560 80.152954 
14.922498 5.405640 
-11.544448 14.036270 
16.209305 31.213404 
-7.151287 -23.632589 
4.504103 15.107806 
16.722359 11.533687 
-16.030233 -8.167221 
-26.883720 7.639755 
15.160469 26.363884 
-36.017757 10.768446 
12.444828 14.212210 
-5.382308 29.325882 
-2.259702 -63.008484 
-24.780029 4.961548 
-2.945874 0.396386 
26.296221 0.712939 
-16.028944 -0.332025 
13.334250 -4.924672 
-15.857431 -37.367683 
-13.441145 -19.492348 
-16.148481 5.998653 
14.479669 -38.813614 
7.265242 26.843798 
23.454580 -25.480820 
-0.685558 14.759988 
-7.053242 -15.630656 
-25.208561 -20.237930 
5.967695 0.000000 
-0.203784 62.787766 
-22.384512 1.620237 
2.070242 -45.112930 
0.357966 11.521440 
-30.727940 -59.880676 
-17.166912 -9.829056 
-4.168133 -10.475155 
44.245087 41.731712 
1.797056 41.349495 
-13.596728 0.957072 
-26.282310 4.898767 
0.585945 -26.768589 
-8.989345 20.442627 
14.093267 57.484818 
-21.518463 -0.333359 
-20.287874 -6.736739 
-13.531262 6.745506 
-3.352904 -2.169457 
1.410845 -21.601877 
-21.224174 48.699974 
-1.691200 -8.347242 
31.443707 -3.049031 
-2.843885 -15.185425 
34.496765 -9.657600 
13.432075 -47.494099 
-35.241364 -53.282166 
1.590919 -36.530277 
-36.081440 36.080288 
-18.460850 29.630468 
-48.608776 -81.895187 
-5.336246 -7.201108 
-13.402047 -13.832365 
-9.510609 12.580425 
-39.174934 48.740017 
-58.807133 -37.137383 
-10.476555 -78.501373 
38.954185 0.129727 
-17.525522 -35.190472 
-4.470687 -15.809505 
0.011703 6.172137 
17.159042 -4.252567 
-16.537493 -18.579918 
0.963758 29.781271 
-25.584810 26.443882 
0.627624 38.143578 
29.477934 -52.308079 
-21.364420 -2.369161 
55.571899 -52.935829 
-36.889801 -36.490356 
-2.639496 -40.180527 
-25.857954 -21.589111 
-12.505342 13.987173 
-19.114563 -19.906519 
-6.898438 -13.380836 
19.498407 19.238291 
16.571781 -5.855683 
-56.448223 -0.375286 
-15.273649 -19.534815 
25.640543 -16.030233 
-29.814827 -0.889526 
39.215370 -51.573212 
-15.661085 -20.444143 
3.471798 -26.192146 
-16.643660 -72.508522 
-27.801487 14.614969 
-22.360664 14.578722 
5.432419 46.646137 
1.269018 11.475487 
22.782785 -13.176600 
12.476378 -21.464224 
3.665433 4.158572 
21.543850 1.009536 
-8.142069 2.920200 
36.902374 76.195213 
2.232621 63.652908 
-2.009751 -3.702591 
-2.983394 -29.679993 
-14.438885 45.330139 
-44.572327 -18.295904 
12.771049 -62.335587 
-5.859905 4.644274 
1.325040 27.269770 
-6.976151 -12.024276 
-41.828293 39.288807 
-31.363646 15.814473 
-10.479517 -14.931660 
-8.196946 30.235237 
24.034315 -11.166427 
-68.507912 3.725480 
-0.133097 21.520298 
-8.026844 68.992905 
-6.348807 -3.706576 
-17.538805 13.260597 
2.447438 17.076639 
-11.660828 30.135889 
-3.400696 -21.493954 
-33.012993 -33.220570 
-20.455845 -10.627103 
3.471576 -1.644938 
-2.756204 15.906477 
-1.754876 19.085985 
16.258484 -28.319033 
-64.735428 32.941193 
5.407324 73.647980 
15.245778 -94.621384 
-0.967545 16.171465 
11.278733 -5.458293 
-9.964173 -8.454080 
39.354565 31.397770 
-9.441192 73.935005 
16.426933 -46.242702 
14.873288 -35.362114 
-1.010011 20.816553 
9.704084 -11.542179 
-6.100748 -3.221245 
-5.465037 -3.646220 
-2.074302 36.106205 
21.525227 -30.067007 
7.489215 -12.624413 
6.997656 -29.854559 
-15.755150 -48.802132 
11.027562 -62.705292 
-23.549950 25.060419 
-14.980521 33.742767 
16.924133 24.873941 
-0.997576 -6.003107 
6.402715 11.627910 
2.870316 -7.732890 
17.570107 6.223816 
35.732121 42.547195 
-30.570877 -50.837059 
-1.697176 51.525517 
13.994090 -68.846199 
-1.754876 39.262650 
3.610671 -5.514022 
7.395208 -34.387268 
-4.983464 45.269054 
0.787670 16.361185 
-4.931821 -27.134861 
-8.528032 -3.265668 
44.020401 -1.780746 
5.409074 -35.566498 
0.743557 4.304906 
-1.754876 12.873249 
0.435522 -56.649231 
-8.211605 -25.335670 
26.333967 21.690670 
-30.656441 -26.133520 
2.020152 -73.631302 
6.155214 33.916386 
-10.137846 -17.056330 
-1.268064 24.684752 
0.702951 -13.366482 
12.456592 40.109085 
-18.957741 -25.001093 
1.816641 11.159973 
-0.504828 87.018028 
-54.785091 6.338498 
-11.056086 24.129639 
-2.902321 -51.863758 
-0.237258 -2.415396 
7.204210 0.259406 
7.586852 6.591831 
-1.983698 0.000000 
0.000000 12.259375 
29.128910 -20.664742 
0.867417 28.235559 
-11.501893 -10.853486 
15.027732 -27.930277 
3.209135 23.669989 
10.656099 -67.046875 
24.092745 -8.937042 
-26.168243 -71.185547 
-19.290487 -87.355553 
-2.222640 46.810322 
3.553829 -35.433735 
-2.841014 -25.447746 
-39.174156 -6.042843 
-0.941726 -42.458538 
-37.992462 -18.259430 
4.576943 2.997794 
2.749227 -59.888756 
13.405593 10.689952 
-4.014578 -4.700750 
-21.727016 -28.285950 
7.129237 -0.407093 
-2.440434 26.718058 
-18.225309 39.549889 
9.580062 -26.629524 
0.042180 24.478254 
-10.744221 -33.456863 
-15.286139 22.391050 
45.107639 -13.888558 
11.677198 58.102081 
-22.781301 -7.091123 
-3.400104 23.653677 
37.199310 0.278047 
5.447977 -11.995115 
-1.127252 -23.119297 
45.170471 37.585945 
-20.869440 17.743530 
-9.368168 -7.066519 
15.966862 1.874034 
-29.556364 3.677542 
21.027908 1.910557 
-9.896945 0.477745 
-4.738270 52.802952 
-7.614781 -8.731028 
-0.858248 -1.419286 
37.892872 -12.065830 
8.693675 47.729813 
-44.366760 1.716700 
45.913548 75.822723 
4.624543 -21.337448 
7.873455 -36.180653 
-2.764887 -7.855624 
-3.829178 21.693045 
-17.510027 18.743103 
15.169257 48.183056 
21.178152 -34.605995 
-0.386828 -41.241009 
-8.758405 -0.433355 
-0.000000 -51.851387 
-56.129414 24.579090 
10.042289 -38.200249 
-21.593670 2.970840 
-0.952756 -12.810962 
-1.992134 76.032097 
-1.754876 1.214384 
-55.273964 11.923718 
-13.948342 -0.939401 
-4.595890 -0.885681 
2.822067 -29.075974 
14.472838 15.813025 
7.825186 -15.267103 
-23.698957 -0.149548 
18.292944 -11.882885 
-23.706045 14.211986 
10.917894 -23.942013 
-2.613124 6.938799 
-30.798819 11.723616 
-43.072227 -75.341484 
-2.141704 -1.754876 
8.287413 -48.711815 
-1.252936 -2.124655 
7.054383 33.196938 
3.057292 -14.818436 
-32.553696 -8.871484 
-3.007812 1.302416 
1.303612 -79.480438 
67.232964 13.449152 
-0.000000 15.826449 
-20.275276 -56.162846 
37.866882 -15.469989 
-6.749526 -12.353838 
-1.031531 2.543468 
-0.834627 55.242485 
-0.567344 17.273630 
-0.560190 5.752322 
5.117211 -24.542046 
-18.520399 -60.135445 
-33.513596 -28.929796 
-54.407970 -90.926254 
2.993457 -3.696043 
39.621758 6.872372 
-5.156871 -15.224177 
-11.191955 -29.197973 
-15.423199 -14.697706 
-4.994650 -20.464003 
0.790930 -43.850445 
-5.875731 -32.005783 
10.230367 -12.199587 
-0.745426 45.809704 
-9.631931 -8.636002 
-2.887478 47.736664 
-13.086554 11.862101 
0.920249 25.418499 
-19.681547 -24.373299 
56.997360 -3.867033 
-13.263620 6.016387 
1.187532 49.741409 
16.657524 45.648907 
19.028507 41.540298 
-2.363528 -4.380750 
3.620146 -21.525482 
-5.809907 32.053467 
-37.467255 33.599190 
-2.877664 -35.020657 
6.872088 -2.717512 
8.393719 -0.291276 
10.624687 -10.869068 
-4.695413 -73.809875 
-1.163020 -11.499233 
-0.927564 78.875771 
-5.231568 5.315501 
32.395699 -65.950745 
31.559755 82.059013 
16.291853 -35.153915 
4.998185 18.927582 
-3.762129 -2.074692 
26.220633 65.113281 
3.234556 -30.131329 
-9.769329 -13.388831 
-8.627534 -82.488640 
-16.303232 3.518149 
20.964697 -55.358509 
-9.662211 -2.888901 
-32.753246 0.711890 
2.421184 -17.481602 
2.794817 5.635845 
3.624075 2.326545 
-12.993465 -70.349838 
0.910841 32.146076 
-8.546058 -39.878258 
16.063309 2.000961 
-2.765980 0.878800 
-8.680499 13.077412 
1.607323 7.401728 
-18.776213 -2.184655 
2.488925 -1.754876 
-19.988953 8.604320 
-30.149778 -61.463402 
-23.630323 -43.120331 
14.250093 -20.372322 
9.052877 -1.056502 
-0.287915 -5.571644 
21.272850 12.606244 
-7.697937 -38.341022 
-63.396580 14.595506 
1.901834 64.730209 
-30.485445 48.391693 
10.501607 -73.547523 
-4.120855 -15.121017 
0.276198 7.682991 
-16.225264 -17.955879 
-0.137178 -48.978767 
-6.407642 13.076029 
-1.939388 3.621403 
-10.444711 42.490295 
-38.214691 0.340998 
1.009450 -33.339085 
-8.364050 -20.367462 
-4.137933 -34.622276 
16.701193 -40.914360 
-7.877055 0.616309 
-14.505417 45.426491 
-6.881125 26.254971 
-20.510193 -27.070427 
-1.132602 51.466072 
-23.095074 -6.292194 
-1.690557 13.177559 
-26.620428 -15.962878 
-21.987619 -30.641296 
-43.233742 -37.251934 
-15.798318 -54.355995 
2.309679 -39.305565 
32.806740 1.740904 
-18.878662 -71.455574 
-17.145237 23.670027 
-4.131371 -19.301418 
-17.926670 -0.568489 
-7.790054 -15.288236 
-22.618422 -45.587860 
17.407160 -2.430616 
61.344078 -43.550323 
-11.926915 -20.167723 
-11.906109 1.698980 
-4.911026 -32.595901 
-11.508744 -2.587651 
18.732885 -11.064060 
7.771263 -23.740736 
-6.702641 -17.055815 
-17.652212 -6.046417 
30.132830 5.750937 
14.697056 -91.446617 
-18.459209 24.376612 
-11.706217 -98.905182 
-1.560322 2.197868 
33.091583 -24.932888 
-9.850046 -29.382856 
-24.436726 55.802101 
14.579486 28.610659 
5.919652 -15.263828 
-16.179403 -91.262802 
0.209602 -25.809832 
-14.016243 13.517189 
-4.438947 52.753441 
-11.674362 -38.759697 
5.375022 -25.593969 
12.020919 1.632109 
-19.770605 26.950716 
1.757540 5.553679 
22.324316 15.053108 
-21.472612 -62.471142 
8.607349 -17.549511 
-1.749373 -32.646614 
-35.712379 -2.188263 
-3.174634 38.177097 
20.380941 -61.464958 
-18.554842 -13.072080 
-5.548495 -6.230159 
-17.474491 -19.160238 
-3.411560 -113.493881 
53.062782 -26.537865 
-14.863434 -38.794930 
4.279641 0.220728 
50.868477 -5.063551 
-7.515877 -47.380608 
-33.719975 11.527271 
0.593074 -2.709930 
-19.158653 -8.484126 
39.195992 -22.906336 
12.379563 20.462044 
1.334368 34.164162 
-9.114192 43.634930 
-1.740060 -48.064224 
-2.940536 -0.870044 
-19.488972 -2.549685 
-45.746956 -23.639858 
12.467008 -79.161575 
0.591856 30.065647 
-36.623459 45.669250 
-9.744357 -3.053777 
-15.741790 -7.910863 
-4.834206 -29.483051 
0.840033 -14.180398 
30.004595 -38.296383 
-59.928917 7.174406 
-3.476692 47.652157 
-7.984944 -18.795530 
-10.624594 15.183170 
-0.922427 27.411230 
10.333651 -1.818024 
-59.335289 67.856407 
-28.527443 50.066551 
-10.031580 10.813564 
-1.270246 -62.686356 
-6.580901 -61.143166 
-52.550034 -34.773041 
0.000000 -51.993725 
4.412394 4.697985 
-2.716859 40.639732 
-33.399040 21.393793 
-2.969163 -20.859570 
-3.384341 -23.231342 
-6.143682 -53.167618 
-15.900506 6.793190 
4.522395 13.390738 
22.113344 -18.399395 
-2.475275 -24.150291 
21.426212 -33.258171 
0.895344 -9.827721 
27.975510 11.570605 
-1.415264 30.615904 
-29.206833 -11.871661 
-13.110033 47.622673 
4.989433 13.320277 
0.613349 -8.825773 
-0.215760 -13.625632 
-34.592163 -74.155281 
-8.014453 -11.813455 
-3.696451 23.093575 
3.849037 -36.435776 
-0.210448 9.131795 
15.367537 -62.272934 
4.730666 2.649397 
2.373768 -34.779591 
-64.832367 21.458635 
8.843708 -78.732803 
-10.369014 -79.869720 
-16.926880 -31.766886 
-9.647528 -43.165092 
-17.810980 -11.725327 
-2.881624 13.144106 
1.410699 10.568521 
-1.044329 -92.082603 
-7.907335 -10.012069 
-18.445629 -15.041178 
-3.770859 -0.588208 
-3.721864 -0.406567 
-30.998369 -8.413903 
-30.732088 5.391800 
2.466766 -11.518705 
-5.014008 -68.491081 
4.176060 -29.078394 
-3.948600 -0.000000 
-15.726725 5.536191 
28.946451 -14.156199 
4.549693 33.438961 
0.000000 15.140707 
7.390722 -2.062800 
-4.752586 -23.884876 
-28.746887 35.062489 
-54.230484 -19.519501 
35.205990 -52.438484 
-5.344923 0.369148 
-11.238589 -4.396550 
-4.306618 -50.867195 
-18.154888 -30.848669 
6.301728 19.502031 
2.665717 -43.739521 
6.427246 -10.277911 
33.900951 -1.256509 
-9.157862 -15.448232 
-7.750535 -2.962329 
-24.100765 33.532997 
-13.474045 8.498799 
-31.223764 46.784370 
1.390881 -107.358421 
-18.747746 -74.615097 
3.755837 -30.529400 
25.988827 -6.330431 
24.861393 43.502438 
-12.512085 -18.289845 
2.508711 -57.569386 
2.705939 -12.479296 
-6.925623 -2.961741 
3.867186 -2.076510 
14.832288 36.673836 
5.436511 -26.672783 
-15.506440 12.554768 
14.749006 -32.525627 
-49.369316 -0.783957 
-6.185438 46.538895 
-17.021336 -35.513100 
-26.052925 -70.386230 
-0.429779 52.337212 
-16.598722 -61.618095 
4.243801 52.375759 
-18.617884 -39.770969 
-0.000000 20.648117 
4.551640 -31.799141 
-18.234076 -59.442062 
-21.355015 -1.757064 
10.359196 13.290010 
-0.977125 -29.960377 
-18.218496 -14.183771 
-9.410187 51.002964 
44.164948 -18.957806 
-36.894623 -24.514359 
4.431810 27.604696 
-4.328772 -59.692104 
14.035414 -19.084011 
-3.224045 -13.097016 
16.004969 2.453818 
-7.974813 18.489492 
-18.617445 12.886106 
26.460192 5.363560 
10.807754 0.000000 
4.748939 5.136917 
-4.459628 -33.557755 
-2.709956 -16.324478 
-5.708488 -20.128607 
-27.769756 12.327642 
-2.619858 6.216077 
6.340662 -78.427589 
-26.042301 13.876181 
10.436739 83.673294 
14.361120 56.632439 
-11.828045 1.591349 
-5.943061 -4.165929 
0.805494 61.360374 
-36.586147 -32.094746 
-5.108241 -28.542093 
-60.905411 -46.559631 
2.417491 -2.265670 
-18.991974 20.643602 
-3.475466 -4.825974 
-51.543335 36.306976 
35.686089 -49.244270 
-38.466450 54.522854 
-12.294574 -32.425224 
-16.041040 -52.655327 
-8.194319 44.687706 
-16.030233 -3.486319 
-8.419860 0.275932 
-11.254654 40.602203 
-11.553171 47.627945 
-71.792648 -12.988524 
9.789585 -2.707568 
2.103953 24.436684 
-47.431217 67.247169 
8.406450 -41.698425 
